Sample	0	1	2	3	4	5	6	7	8	9	10	11	12	13	14	15
SRX384345_1	(1.0, 37.55604859291594)	(2.0, 12.614863788806074)	(3.0, 6.649624189453663)	(4.0, 4.142046492534954)	(5.0, 3.062089052671872)	(6.0, 2.366165836108179)	(7.0, 1.8976976750071384)	(8.0, 1.647634466575423)	(9.0, 1.3644016799312477)	('>10', 16.6595973645909)	('>50', 4.969694027757028)	('>100', 5.739477559583772)	('>500', 0.6971991070386963)	('>1k', 0.2778300526182525)	('>5k', 0.0)	('>10k+', 0.35563011440677894)
SRX384345_2	(1.0, 39.64009797186641)	(2.0, 12.758887309335334)	(3.0, 6.6409166860270314)	(4.0, 4.308444872673555)	(5.0, 2.9825297849050485)	(6.0, 2.3888293888293006)	(7.0, 1.840015283109301)	(8.0, 1.5537854433803782)	(9.0, 1.3316811127991905)	('>10', 16.220531326724345)	('>50', 4.511714356008315)	('>100', 4.826911687295579)	('>500', 0.5386818958212004)	('>1k', 0.18694708674489413)	('>5k', 0.036811803058382594)	('>10k+', 0.2332139914216519)
SRX384346_1	(1.0, 38.23411252035331)	(2.0, 12.844050495756477)	(3.0, 6.838692104297378)	(4.0, 4.326337569836006)	(5.0, 3.175518134004101)	(6.0, 2.539487274959396)	(7.0, 1.9891496510880597)	(8.0, 1.6346623588490088)	(9.0, 1.412431366252689)	('>10', 16.110334130219233)	('>50', 4.5335472913917405)	('>100', 4.99061701497513)	('>500', 0.5586393328454377)	('>1k', 0.14341496789711355)	('>5k', 0.0)	('>10k+', 0.6690057872748651)
SRX384346_2	(1.0, 40.70961939381466)	(2.0, 13.107137999026186)	(3.0, 6.804953760035118)	(4.0, 4.375981495356363)	(5.0, 3.054236948420407)	(6.0, 2.39143405237426)	(7.0, 1.9278983728105954)	(8.0, 1.5147493093879134)	(9.0, 1.4216257458665411)	('>10', 15.491344796023007)	('>50', 4.052321904739086)	('>100', 4.162679337066085)	('>500', 0.3895452308074096)	('>1k', 0.11402878444018677)	('>5k', 0.0)	('>10k+', 0.48244286983217244)
SRX384349_1	(1.0, 31.678859219452747)	(2.0, 11.619350531357982)	(3.0, 6.396460417614745)	(4.0, 4.302834729887324)	(5.0, 3.2190507722249793)	(6.0, 2.5767417823420016)	(7.0, 2.0779300669647114)	(8.0, 1.7502126055056688)	(9.0, 1.5150878677490451)	('>10', 18.535334632548594)	('>50', 6.039017607854476)	('>100', 8.19813286440387)	('>500', 1.4035690780386756)	('>1k', 0.6630304983842165)	('>5k', 0.024387325671006335)	('>10k+', 0.0)
SRX384349_2	(1.0, 31.823530769292923)	(2.0, 11.559026039038471)	(3.0, 6.494066472122785)	(4.0, 4.351887747182643)	(5.0, 3.1442637879929487)	(6.0, 2.430903434195351)	(7.0, 1.9832964203686854)	(8.0, 1.6388989385450508)	(9.0, 1.4422759973382737)	('>10', 18.283908503246753)	('>50', 6.133477735485409)	('>100', 8.491222914595319)	('>500', 1.4606159630600282)	('>1k', 0.7422518249123767)	('>5k', 0.020373452623007274)	('>10k+', 0.0)
SRX384350_1	(1.0, 39.37995591040563)	(2.0, 12.331567919683648)	(3.0, 6.608709159393373)	(4.0, 4.381295500026031)	(5.0, 3.133639111425258)	(6.0, 2.4826915977163466)	(7.0, 1.9665888755514043)	(8.0, 1.6831819452003662)	(9.0, 1.395999793081884)	('>10', 17.06429343262156)	('>50', 4.465780597999226)	('>100', 4.600784460794751)	('>500', 0.41659269141936406)	('>1k', 0.08891900468113174)	('>5k', 0.0)	('>10k+', 0.0)
SRX384350_2	(1.0, 39.97204968901619)	(2.0, 12.397953692769885)	(3.0, 6.472624832990085)	(4.0, 4.310815062821948)	(5.0, 3.041446608578265)	(6.0, 2.418191639434039)	(7.0, 2.023324173475631)	(8.0, 1.6249505322250823)	(9.0, 1.37960433415925)	('>10', 16.797102265673335)	('>50', 4.510282241721945)	('>100', 4.552467583929091)	('>500', 0.41362360390973424)	('>1k', 0.08556373929547914)	('>5k', 0.0)	('>10k+', 0.0)
SRX384353_1	(1.0, 33.011503795963606)	(2.0, 11.627009781009312)	(3.0, 6.520082211852324)	(4.0, 4.513926567000677)	(5.0, 3.2787562656908236)	(6.0, 2.4715549460420374)	(7.0, 1.94208120892556)	(8.0, 1.7852170064931843)	(9.0, 1.396139368235154)	('>10', 17.22300911205345)	('>50', 5.45767091256888)	('>100', 8.13658327032285)	('>500', 1.5124594621637384)	('>1k', 0.9820552120200271)	('>5k', 0.054711796278073564)	('>10k+', 0.0872390833803803)
SRX384353_2	(1.0, 33.14543290475603)	(2.0, 11.622218656123792)	(3.0, 6.480662616763837)	(4.0, 4.3108473542141805)	(5.0, 3.285387712688987)	(6.0, 2.455470373445556)	(7.0, 2.007163506487927)	(8.0, 1.6321085236016413)	(9.0, 1.3954788036034487)	('>10', 17.302434136970604)	('>50', 5.46608430632261)	('>100', 8.111539807367848)	('>500', 1.5581691189483051)	('>1k', 1.0789624390169212)	('>5k', 0.06043697323115517)	('>10k+', 0.08760276645711083)
SRX384354_1	(1.0, 30.827732364025273)	(2.0, 11.576783359244667)	(3.0, 6.828836877452662)	(4.0, 4.688129334852476)	(5.0, 3.3943520343451565)	(6.0, 2.744718551248991)	(7.0, 2.130615114845307)	(8.0, 1.8310144347405717)	(9.0, 1.552697173998246)	('>10', 19.000855696137357)	('>50', 5.806664256470123)	('>100', 7.86318918934516)	('>500', 1.235139853987459)	('>1k', 0.4999410109919446)	('>5k', 0.01933074831466958)	('>10k+', 0.0)
SRX384354_2	(1.0, 31.131194276074005)	(2.0, 11.1559044987312)	(3.0, 6.7041870996415485)	(4.0, 4.657074679922326)	(5.0, 3.373591288496664)	(6.0, 2.6642791750034154)	(7.0, 2.1509056544972496)	(8.0, 1.7717695213337867)	(9.0, 1.5535561520578838)	('>10', 19.31398212079721)	('>50', 5.701991267705402)	('>100', 7.913197965885137)	('>500', 1.3201649094207721)	('>1k', 0.5882013904333706)	('>5k', 0.0)	('>10k+', 0.0)
SRX384357_1	(1.0, 38.088934802159635)	(2.0, 12.490838315303398)	(3.0, 6.663714624586986)	(4.0, 4.326167629525896)	(5.0, 3.0598647643264134)	(6.0, 2.3266794362782073)	(7.0, 1.7848869136815346)	(8.0, 1.5666632542636678)	(9.0, 1.3580080214677324)	('>10', 16.583758783643045)	('>50', 4.816292310533074)	('>100', 5.7989487270438005)	('>500', 0.8642588266863611)	('>1k', 0.27098359050022364)	('>5k', 0.0)	('>10k+', 0.0)
SRX384357_2	(1.0, 38.09225734577162)	(2.0, 12.249879939578356)	(3.0, 6.658143072535015)	(4.0, 4.272145367143001)	(5.0, 3.0280846949644378)	(6.0, 2.3532973189838846)	(7.0, 1.901845552294569)	(8.0, 1.523557819405214)	(9.0, 1.3974336651491683)	('>10', 16.553860019177723)	('>50', 4.9548162651909085)	('>100', 5.767470323487026)	('>500', 0.948065435611087)	('>1k', 0.2991431807080473)	('>5k', 0.0)	('>10k+', 0.0)
SRX384358_1	(1.0, 34.92221227595096)	(2.0, 13.048113873250752)	(3.0, 7.04876070882202)	(4.0, 4.68895645413571)	(5.0, 3.3756321966779392)	(6.0, 2.5628915579614504)	(7.0, 2.1240797325774876)	(8.0, 1.7951561258927007)	(9.0, 1.5193398075007638)	('>10', 17.785848786896377)	('>50', 4.941438621660791)	('>100', 5.29033107915347)	('>500', 0.683380315989202)	('>1k', 0.2138584635303005)	('>5k', 0.0)	('>10k+', 0.0)
SRX384358_2	(1.0, 35.316805354472706)	(2.0, 12.856218098830444)	(3.0, 6.897241235050116)	(4.0, 4.5119919311057854)	(5.0, 3.306983922946189)	(6.0, 2.5956770197149384)	(7.0, 2.076987818105043)	(8.0, 1.770706606023705)	(9.0, 1.5097774479005521)	('>10', 17.747449672113987)	('>50', 4.984038378829549)	('>100', 5.46351596158669)	('>500', 0.7234764890257565)	('>1k', 0.23913006429456896)	('>5k', 0.0)	('>10k+', 0.0)
